['HD209522']	2.6	0.3	260.	0.	0.	nan	Tru
['HD209409']	7.4	0.2	205.	0.	0.	nan	Tru
['HD158427']	12.	0.8	288.	0.	0.	nan	Tru
['HD127973']	10.6	0.2	300.	0.	0.	nan	Tru
['HD209522']	2.6	0.3	260.	0.	0.	nan	Tru
['HD209409']	7.4	0.2	205.	0.	0.	nan	Tru
['HD158427']	12.	0.8	288.	0.	0.	nan	Tru
['HD127973']	10.6	0.2	300.	0.	0.	nan	Tru
['HD37490']	2.3	0.2	180.	0.	0.	nan	Tru
['HD68980']	3.5	0.1	167.	0.	0.	nan	Tru
['HD56139']	3.5	0.1	105.	0.	0.	nan	Tru
['HD50013']	4.9	0.1	210.	0.	0.	nan	Tru
['HD37795']	12.4	0.3	195.	0.	0.	nan	Tru
['HD37202']	7.3	0.8	125.	0.	0.	nan	Tru
['HD37202']	7.3	0.8	125.	0.	0.	nan	Tru
HD89080
HD120991 